1 00000000000000000000000000000000001111111111111111111111111111111111

0 10111010100001111010110001001100100111111100110100100011000011010001
0 01011101010000111101011000100110011011111110011010010001100001101000
0 10101110101000011110101100010011000101111111001101001000110000110100
0 01010111010100001111010110001001100010111111100110100100011000011010
0 00101011101010000111101011000100110001011111110011010010001100001101
0 10010101110101000011110101100010011000101111111001101001000110000110
0 11001010111010100001111010110001000100010111111100110100100011000011
0 01100101011101010000111101011000101010001011111110011010010001100001
0 00110010101110101000011110101100011101000101111111001101001000110000
0 10011001010111010100001111010110000110100010111111100110100100011000
0 01001100101011101010000111101011000011010001011111110011010010001100
0 00100110010101110101000011110101100001101000101111111001101001000110
0 00010011001010111010100001111010110000110100010111111100110100100011
0 10001001100101011101010000111101011000011010001011111110011010010001
0 11000100110010101110101000011110101100001101000101111111001101001000
0 01100010011001010111010100001111010110000110100010111111100110100100
0 10110001001100101011101010000111100011000011010001011111110011010010
0 01011000100110010101110101000011110001100001101000101111111001101001
0 10101100010011001010111010100001111000110000110100010111111100110100
0 11010110001001100101011101010000110100011000011010001011111110011010
0 11101011000100110010101110101000010010001100001101000101111111001101
0 11110101100010011001010111010100001001000110000110100010111111100110
0 01111010110001001100101011101010000100100011000011010001011111110011
0 00111101011000100110010101110101001010010001100001101000101111111001
0 00011110101100010011001010111010101101001000110000110100010111111100
0 00001111010110001001100101011101010110100100011000011010001011111110
0 10000111101011000100110010101110100011010010001100001101000101111111
0 01000011110101100010011001010111011001101001000110000110100010111111
0 10100001111010110001001100101011101100110100100011000011010001011111
0 01010000111101011000100110010101111110011010010001100001101000101111
0 10101000011110101100010011001010111111001101001000110000110100010111
0 11010100001111010110001001100101011111100110100100011000011010001011
0 11101010000111101011000100110010101111110011010010001100001101000101
0 01110101000011110101100010011001011111111001101001000110000110100010
1 01000101100001100010010110011111110101100110111001010000111101010001
1 10100010110000110001001011001111111010110011011100101000011110101000
1 11010001011000011000100101100111110101011001101110010100001111010100
1 11101000101100001100010010110011110010101100110111001010000111101010
1 11110100010110000110001001011001110001010110011011100101000011110101
1 11111010001011000011000100101100111000101011001101110010100001111010
1 11111101000101100001100010010110010100010101100110111001010000111101
1 11111110100010110000110001001011001010001010110011011100101000011110
1 01111111010001011000011000100101100101000101011001101110010100001111
1 00111111101000101100001100010010111010100010101100110111001010000111
1 10011111110100010110000110001001011101010001010110011011100101000011
1 11001111111010001011000011000100101110101000101011001101110010100001
1 01100111111101000101100001100010011111010100010101100110111001010000
1 10110011111110100010110000110001000111101010001010110011011100101000
1 01011001111111010001011000011000100011110101000101011001101110010100
1 00101100111111101000101100001100010001111010100010101100110111001010
1 10010110011111110100010110000110000000111101010001010110011011100101
1 01001011001111111010001011000011001000011110101000101011001101110010
1 00100101100111111101000101100001100100001111010100010101100110111001
1 00010010110011111110100010110000111010000111101010001010110011011100
1 10001001011001111111010001011000010101000011110101000101011001101110
1 11000100101100111111101000101100000010100001111010100010101100110111
1 01100010010110011111110100010110001001010000111101010001010110011011
1 00110001001011001111111010001011001100101000011110101000101011001101
1 00011000100101100111111101000101101110010100001111010100010101100110
1 00001100010010110011111110100010110111001010000111101010001010110011
1 10000110001001011001111111010001011011100101000011110101000101011001
1 11000011000100101100111111101000101101110010100001111010100010101100
1 01100001100010010110011111110100010110111001010000111101010001010110
1 10110000110001001011001111111010000011011100101000011110101000101011
1 01011000011000100101100111111101001001101110010100001111010100010101
1 00101100001100010010110011111110101100110111001010000111101010001010
1 00010110000110001001011001111111010110011011100101000011110101000101
1 10001011000011000100101100111111101011001101110010100001111010100010
